0 10 100
0 20 100
0 30 100
0 40 100
0 50 100
0 60 100
0 70 100
0 80 100
0 90 100
0 100 100
0 90 100
0 80 100
0 70 100
0 60 100
0 50 100
0 40 100
0 30 100
0 20 100
0 10 100
0 0  1500
1 0  500
1 10 100
1 20 100
1 30 100
1 40 100
1 50 100
1 60 100
1 70 100
1 80 100
1 90 100
1 100 100
1 90 100
1 80 100
1 70 100
1 60 100
1 50 100
1 40 100
1 30 100
1 20 100
1 10 100
1 0  1000
2 0  1000
2 10 100
2 20 100
2 30 100
2 40 100
2 50 100
2 60 100
2 70 100
2 80 100
2 90 100
2 100 100
2 90 100
2 80 100
2 70 100
2 60 100
2 50 100
2 40 100
2 30 100
2 20 100
2 10 100
2 0  500
3 0  1500
3 10 100
3 20 100
3 30 100
3 40 100
3 50 100
3 60 100
3 70 100
3 80 100
3 90 100
3 100 100
3 90 100
3 80 100
3 70 100
3 60 100
3 50 100
3 40 100
3 30 100
3 20 100
3 10 100
0 100 500
3 100 500
1 0 500
2 0 500
0 0 500
3 0 500
1 100 500
2 100 500
0 100 500
3 100 500
1 0 500
2 0 500
0 0 500
3 0 500
1 100 500
2 100 500
0 100 500
3 100 500
1 0 500
2 0 500
0 0 500
3 0 500
1 100 500
2 100 500
1 0 200
2 0 400
3 0 600
0 100 200
1 100 200
2 100 200
3 100 200
0 0 600
1 0 400
2 0 200
3 0 600
2 100 200
1 0 200
0 0 400
1 100 200
0 100 200
2 0 400
1 0 200
1 0 100
2 0 200
3 0 300
0 100 100
1 100 100
2 100 100
3 100 100
0 0 300
1 0 200
2 0 100
3 0 300
2 100 100
1 0 100
0 0 200
1 100 100
0 100 100
2 0 200
1 0 100
0 100 100
0 90 100
0 80 100
0 70 100
0 60 100
0 50 100
0 40 100
0 30 100
0 20 100
0 10 100
0 0 100
1 100 100
1 90 100
1 80 100
1 70 100
1 60 100
1 50 100
1 40 100
1 30 100
1 20 100
1 10 100
1 0 100
2 100 100
2 90 100
2 80 100
2 70 100
2 60 100
2 50 100
2 40 100
2 30 100
2 20 100
2 10 100
2 0 100
3 100 100
3 90 100
3 80 100
3 70 100
3 60 100
3 50 100
3 40 100
3 30 100
3 20 100
3 10 100
3 0 100
